%YAML:1.0
ft object:
   fname: "D:/facedata/Non_rigidFaceTracking/haarcascade_frontalface_alt2.xml"
   x offset: 2.7844440191984177e-003
   y offset: 8.3133906126022339e-002
   z offset: 2.6360599994659424e+000
   reference: !!opencv-matrix
      rows: 152
      cols: 1
      dt: f
      data: [ -1.65296733e-001, -6.72742724e-002, -1.64978012e-001,
          -1.60028860e-002, -1.59681112e-001, 3.06803677e-002,
          -1.48966506e-001, 7.77749792e-002, -1.24983452e-001,
          1.26513779e-001, -8.93540084e-002, 1.57958075e-001,
          -4.43429351e-002, 1.80292770e-001, 3.69058293e-003,
          1.87625960e-001, 4.96583730e-002, 1.77637532e-001,
          8.52332041e-002, 1.52668282e-001, 1.12488709e-001,
          1.19925812e-001, 1.29193261e-001, 7.78981969e-002,
          1.39485851e-001, 2.71101370e-002, 1.43883228e-001,
          -1.92882363e-002, 1.40999287e-001, -6.84657246e-002,
          1.19044304e-001, -9.99365672e-002, 9.28181186e-002,
          -1.23049714e-001, 6.12762794e-002, -1.22011289e-001,
          3.19975279e-002, -1.02776863e-001, 6.29857406e-002,
          -1.03805214e-001, 9.15271193e-002, -1.04962341e-001,
          -1.25131428e-001, -9.67217013e-002, -9.65818763e-002,
          -1.19907878e-001, -6.20788746e-002, -1.20543532e-001,
          -3.02504748e-002, -1.02868527e-001, -6.36558458e-002,
          -1.02921374e-001, -9.46720466e-002, -1.03235006e-001,
          -9.85844508e-002, -6.66727424e-002, -7.25809559e-002,
          -8.08793455e-002, -4.51488234e-002, -6.66077361e-002,
          -7.21861124e-002, -5.78657575e-002, -7.14182556e-002,
          -7.04673752e-002, 9.58473682e-002, -6.83981627e-002,
          7.09440187e-002, -8.18853155e-002, 4.41815518e-002,
          -6.75117970e-002, 7.11317956e-002, -5.97099811e-002,
          7.11636916e-002, -7.12023601e-002, -1.64285246e-002,
          -6.91920966e-002, -2.04179827e-002, -2.46094316e-002,
          -4.48611304e-002, 2.64196726e-003, -3.28396074e-002,
          2.25352161e-002, 5.62006980e-003, 2.91545987e-002,
          3.98004539e-002, 2.18730439e-002, 4.93510254e-002,
          2.72505963e-003, 2.49567851e-002, -2.82830410e-002,
          1.80943906e-002, -7.05796480e-002, -1.92170665e-002,
          1.49217024e-002, 2.95450818e-002, 1.42575083e-002,
          -5.81411533e-002, 7.79130906e-002, -3.26500349e-002,
          6.06753826e-002, -8.79942533e-003, 5.48121259e-002,
          5.81641309e-003, 5.67407981e-002, 1.87939107e-002,
          5.38917482e-002, 4.12441418e-002, 5.95650524e-002,
          6.18709996e-002, 7.53120854e-002, 4.81018461e-002,
          9.31589827e-002, 2.86645647e-002, 1.02873348e-001,
          5.57450717e-003, 1.05887726e-001, -2.02799886e-002,
          1.04065165e-001, -4.25798595e-002, 9.54934508e-002,
          -2.31898557e-002, 8.37075114e-002, 5.22858230e-003,
          8.69224668e-002, 3.20928656e-002, 8.26704055e-002,
          3.20016704e-002, 7.07344562e-002, 5.30683855e-003,
          7.13810772e-002, -2.31130049e-002, 7.16408268e-002,
          5.30222896e-003, 7.88102746e-002, 6.92879222e-003,
          -2.49633740e-004, -8.59698951e-002, -7.41588846e-002,
          -5.92449121e-002, -7.41239339e-002, -5.90228215e-002,
          -6.25857040e-002, -8.57535303e-002, -6.26327470e-002,
          8.30119699e-002, -7.55266249e-002, 5.71743138e-002,
          -7.50936270e-002, 5.72569706e-002, -6.40020370e-002,
          8.31122473e-002, -6.44418448e-002 ]
